200,Proceso #200,Hora de inicio,Hora de fin,Duraci√≥n
200,Proceso 0,0,178,178
200,Proceso 1,7,179,172
200,Proceso 2,52,53,1
200,Proceso 3,53,110,57
200,Proceso 4,54,55,1
200,Proceso 5,55,56,1
200,Proceso 6,56,57,1
200,Proceso 7,57,58,1
200,Proceso 8,58,169,111
200,Proceso 9,59,326,267
200,Proceso 10,68,171,103
200,Proceso 11,73,74,1
200,Proceso 12,74,173,99
200,Proceso 13,75,76,1
200,Proceso 14,76,299,223
200,Proceso 15,77,355,278
200,Proceso 16,83,177,94
200,Proceso 17,107,108,1
200,Proceso 18,108,109,1
200,Proceso 19,110,319,209
200,Proceso 20,118,320,202
200,Proceso 21,119,228,109
200,Proceso 22,120,121,1
200,Proceso 23,121,274,153
200,Proceso 24,171,172,1
200,Proceso 25,173,174,1
200,Proceso 26,179,318,139
200,Proceso 27,228,361,133
200,Proceso 28,272,362,90
200,Proceso 29,289,327,38
200,Proceso 30,290,366,76
200,Proceso 31,291,411,120
200,Proceso 32,292,330,38
200,Proceso 33,296,297,1
200,Proceso 34,297,298,1
200,Proceso 35,300,419,119
200,Proceso 36,316,398,82
200,Proceso 37,320,360,40
200,Proceso 38,330,368,38
200,Proceso 39,335,336,1
200,Proceso 40,336,389,53
200,Proceso 41,357,399,42
200,Proceso 42,358,359,1
200,Proceso 43,362,363,1
200,Proceso 44,363,462,99
200,Proceso 45,364,365,1
200,Proceso 46,368,369,1
200,Proceso 47,369,417,48
200,Proceso 48,389,418,29
200,Proceso 49,399,400,1
200,Proceso 50,400,434,34
200,Proceso 51,401,507,106
200,Proceso 52,402,403,1
200,Proceso 53,403,510,107
200,Proceso 54,404,405,1
200,Proceso 55,405,657,252
200,Proceso 56,409,540,131
200,Proceso 57,411,412,1
200,Proceso 58,412,593,181
200,Proceso 59,415,594,179
200,Proceso 60,419,504,85
200,Proceso 61,420,613,193
200,Proceso 62,421,506,85
200,Proceso 63,431,432,1
200,Proceso 64,432,433,1
200,Proceso 65,444,615,171
200,Proceso 66,446,511,65
200,Proceso 67,459,460,1
200,Proceso 68,467,718,251
200,Proceso 69,491,595,104
200,Proceso 70,499,663,164
200,Proceso 71,502,603,101
200,Proceso 72,511,655,144
200,Proceso 73,517,715,198
200,Proceso 74,603,745,142
200,Proceso 75,604,746,142
200,Proceso 76,611,747,136
200,Proceso 77,613,614,1
200,Proceso 78,615,840,225
200,Proceso 79,620,784,164
200,Proceso 80,640,698,58
200,Proceso 81,648,806,158
200,Proceso 82,657,658,1
200,Proceso 83,658,823,165
200,Proceso 84,660,825,165
200,Proceso 85,661,826,165
200,Proceso 86,663,744,81
200,Proceso 87,690,691,1
200,Proceso 88,691,692,1
200,Proceso 89,692,774,82
200,Proceso 90,710,861,151
200,Proceso 91,711,947,236
200,Proceso 92,712,713,1
200,Proceso 93,713,893,180
200,Proceso 94,715,716,1
200,Proceso 95,742,743,1
200,Proceso 96,747,920,173
200,Proceso 97,772,773,1
200,Proceso 98,784,923,139
200,Proceso 99,799,842,43
200,Proceso 100,811,1039,228
200,Proceso 101,823,900,77
200,Proceso 102,826,1045,219
200,Proceso 103,829,1046,217
200,Proceso 104,830,831,1
200,Proceso 105,831,918,87
200,Proceso 106,832,919,87
200,Proceso 107,835,836,1
200,Proceso 108,837,838,1
200,Proceso 109,838,839,1
200,Proceso 110,842,1037,195
200,Proceso 111,893,1040,147
200,Proceso 112,900,966,66
200,Proceso 113,901,967,66
200,Proceso 114,912,968,56
200,Proceso 115,916,1047,131
200,Proceso 116,920,921,1
200,Proceso 117,921,922,1
200,Proceso 118,923,1103,180
200,Proceso 119,932,1105,173
200,Proceso 120,954,1041,87
200,Proceso 121,996,1116,120
200,Proceso 122,997,1117,120
200,Proceso 123,1033,1118,85
200,Proceso 124,1034,1102,68
200,Proceso 125,1041,1109,68
200,Proceso 126,1042,1110,68
200,Proceso 127,1043,1044,1
200,Proceso 128,1103,1104,1
200,Proceso 129,1105,1137,32
200,Proceso 130,1106,1265,159
200,Proceso 131,1107,1108,1
200,Proceso 132,1110,1269,159
200,Proceso 133,1111,1112,1
200,Proceso 134,1112,1180,68
200,Proceso 135,1113,1181,68
200,Proceso 136,1114,1115,1
200,Proceso 137,1118,1233,115
200,Proceso 138,1119,1319,200
200,Proceso 139,1120,1121,1
200,Proceso 140,1121,1392,271
200,Proceso 141,1135,1263,128
200,Proceso 142,1155,1266,111
200,Proceso 143,1156,1267,111
200,Proceso 144,1175,1268,93
200,Proceso 145,1181,1182,1
200,Proceso 146,1182,1183,1
200,Proceso 147,1183,1296,113
200,Proceso 148,1219,1220,1
200,Proceso 149,1220,1382,162
200,Proceso 150,1231,1232,1
200,Proceso 151,1234,1391,157
200,Proceso 152,1235,1328,93
200,Proceso 153,1236,1237,1
200,Proceso 154,1263,1264,1
200,Proceso 155,1269,1433,164
200,Proceso 156,1271,1434,163
200,Proceso 157,1284,1435,151
200,Proceso 158,1294,1436,142
200,Proceso 159,1296,1437,141
200,Proceso 160,1315,1316,1
200,Proceso 161,1317,1318,1
200,Proceso 162,1329,1330,1
200,Proceso 163,1330,1331,1
200,Proceso 164,1331,1581,250
200,Proceso 165,1334,1582,248
200,Proceso 166,1335,1561,226
200,Proceso 167,1336,1562,226
200,Proceso 168,1337,1563,226
200,Proceso 169,1360,1603,243
200,Proceso 170,1382,1450,68
200,Proceso 171,1383,1577,194
200,Proceso 172,1392,1393,1
200,Proceso 173,1393,1394,1
200,Proceso 174,1394,1395,1
200,Proceso 175,1444,1576,132
200,Proceso 176,1451,1578,127
200,Proceso 177,1480,1579,99
200,Proceso 178,1539,1672,133
200,Proceso 179,1563,1653,90
200,Proceso 180,1564,1565,1
200,Proceso 181,1565,1602,37
200,Proceso 182,1582,1583,1
200,Proceso 183,1583,1711,128
200,Proceso 184,1585,1586,1
200,Proceso 185,1586,1652,66
200,Proceso 186,1603,1668,65
200,Proceso 187,1606,1669,63
200,Proceso 188,1607,1670,63
200,Proceso 189,1610,1671,61
200,Proceso 190,1620,1730,110
200,Proceso 191,1625,1731,106
200,Proceso 192,1638,1732,94
200,Proceso 193,1639,1769,130
200,Proceso 194,1640,1641,1
200,Proceso 195,1653,1767,114
200,Proceso 196,1654,1779,125
200,Proceso 197,1655,1728,73
200,Proceso 198,1666,1729,63
200,Proceso 199,1711,1780,69
